wavelength.asc
ncols 85
nrows 95
xllcorner 727718.000000
yllcorner 4145455.000000
cellsize 10.000000
NODATA_value -9999
[rows 0 to 29 of 95, columns 0 to 67 of 85]
12.0229 11.9914 11.7055 11.4484 11.0996 10.8468 10.1129 10.2096 10.6855 11.523 12.1813 12.6243 12.7976 12.1996 11.5153 11.2846 12.4928 13.7711 15 15 15 15 13.3909 12.8397 12.7735 12.7873 13.1002 13.0971 12.9092 12.6373 12.4327 12.533 12.1963 12.0426 11.7085 11.3255 11.0297 11.0653 11.1507 11.2455 11.2793 11.3829 11.676 12.1167 12.2799 12.3395 12.403 12.573 12.8526 12.9107 12.7617 12.4449 12.1763 12.1254 12.3034 12.5852 12.7301 12.9347 13.1105 13.1615 12.984 12.6298 12.1742 11.829 11.4467 10.9879 10.7331 10.7341
12.1578 12.1171 11.8239 11.5036 11.1207 10.7807 10.2092 10.2571 10.632 11.2834 11.8674 12.2463 12.3464 12.1071 11.8406 11.9284 12.8642 13.6549 14.9114 15 15 14.7805 13.4359 13.2534 13.161 13.0436 13.0493 12.721 12.3738 12.1826 12.1643 12.4425 12.2357 12.2451 12.002 11.5268 11.071 11.0103 10.9923 11.0696 11.0842 11.1654 11.4069 11.7977 11.9907 12.0512 12.1357 12.3892 12.803 12.9741 12.909 12.6585 12.4303 12.4055 12.4785 12.6594 12.7225 12.8289 12.9178 12.8612 12.626 12.2459 11.8494 11.5445 11.2976 11.0417 10.9061 10.9743
12.2763 12.1422 11.8471 11.5203 11.1472 10.8322 10.3784 10.3927 10.6926 11.1586 11.5878 11.9598 12.147 12.1668 12.108 12.2879 12.9193 13.5707 14.1424 14.417 14.5074 14.4962 13.9696 13.6261 13.4731 13.3298 13.2567 12.6353 12.0578 11.756 11.6727 12.0376 12.1081 12.2927 12.1696 11.6755 11.1618 11.048 10.9411 10.9992 10.9998 11.1051 11.303 11.6381 11.8215 11.8601 11.9157 12.152 12.5471 12.7876 12.7796 12.6621 12.5763 12.622 12.653 12.7458 12.7173 12.7015 12.6818 12.6352 12.4549 12.1169 11.7537 11.4391 11.2347 11.0746 11.0443 11.1663
12.1964 12.0303 11.7725 11.4686 11.1186 10.838 10.4733 10.5072 10.793 11.103 11.4291 11.7541 11.9164 12.0443 12.1188 12.4058 12.8786 13.5942 13.8633 13.8882 14.2637 14.687 14.5425 14.2112 13.8576 13.5945 13.4262 12.7944 12.0988 11.5865 11.3686 11.7783 11.9968 12.2751 12.1632 11.7511 11.2788 11.0964 10.9298 10.9779 10.9853 11.0853 11.2825 11.5663 11.7109 11.7168 11.7055 11.8391 12.1589 12.4104 12.4685 12.5052 12.5742 12.688 12.7618 12.8029 12.6888 12.5799 12.4936 12.4521 12.3255 12.0518 11.7094 11.3556 11.1604 11.0607 11.1195 11.2988
12.2127 11.9625 11.6889 11.3557 11.0405 10.8209 10.4838 10.5164 10.7518 11.0284 11.3054 11.6825 11.8806 12.0052 12.0277 12.2706 12.6819 13.4422 13.8879 13.5661 14.1448 14.5289 14.6419 14.3973 14.1111 13.9214 13.7518 13.1774 12.4009 11.6627 11.191 11.5033 11.7583 12.1385 12.1511 11.8532 11.4388 11.122 10.9143 10.9317 10.9596 11.1066 11.2717 11.5008 11.6214 11.6045 11.5161 11.5179 11.7321 11.9333 12.0889 12.2605 12.4779 12.6836 12.8006 12.8151 12.655 12.4442 12.2955 12.244 12.1673 11.947 11.6046 11.2654 11.0905 11.07 11.2164 11.4278
12.1713 11.9697 11.6245 11.2607 10.9813 10.8097 10.5559 10.6015 10.7467 11.0227 11.3104 11.6911 11.9585 12.0645 12.0531 12.1707 12.5015 13.3427 13.8649 13.376 13.9396 14.1225 14.3534 14.1923 14.1845 14.1747 14.0707 13.4761 12.8666 12.2156 11.3356 11.3549 11.6656 12.0605 12.1521 11.8518 11.4196 11.1135 10.8711 10.9175 11.0364 11.1496 11.3128 11.5147 11.6112 11.5573 11.3954 11.2749 11.3769 11.5434 11.7681 12.0529 12.3706 12.6357 12.7848 12.7839 12.5791 12.302 12.09 12.0267 11.969 11.8015 11.4925 11.175 11.0282 11.0842 11.2989 11.5389
11.6276 11.3483 11.058 10.901 10.7563 10.7826 10.8097 10.848 10.9077 11.106 11.3929 11.7601 12.115 12.2313 12.1594 12.0845 12.1574 13.0052 13.4462 13.0951 13.4042 13.3118 13.6227 13.5741 13.8479 14.1559 14.3735 14.0562 13.9236 13.4085 12.5798 12.4495 12.6011 12.7154 12.6215 12.0945 11.6772 11.15 10.7369 10.7607 11.0039 11.2327 11.3256 11.4561 11.4999 11.3974 11.1673 10.8826 10.7517 10.8809 11.2151 11.6765 12.1576 12.5088 12.6952 12.6557 12.41 12.0291 11.7111 11.5866 11.5618 11.4799 11.2359 10.9772 10.905 11.1226 11.4866 11.7407
10.7859 10.6219 10.5083 10.6072 10.7129 10.9313 11.1902 11.2767 11.2739 11.3427 11.6534 12.097 12.4926 12.6643 12.5641 12.337 12.1226 12.5535 12.8842 12.6516 12.6507 12.2575 12.5409 12.8664 13.2596 13.7639 14.1451 14.2479 14.3669 14.3988 13.8043 13.6548 13.7796 13.9017 13.3221 12.558 11.9629 11.1581 10.6165 10.6399 11.0152 11.302 11.3406 11.437 11.4288 11.3073 11.0498 10.745 10.5588 10.6396 11.0044 11.4431 11.9135 12.2391 12.4432 12.4035 12.1933 11.7922 11.4402 11.2448 11.211 11.1618 10.9895 10.8178 10.8193 11.1727 11.5948 11.8264
10.0079 9.95091 10.1269 10.47 10.8279 11.243 11.7714 11.9038 11.8022 11.7417 12.0011 12.4725 12.9282 13.1758 13.1795 12.9475 12.708 12.6655 12.7461 12.4368 12.1372 11.5021 11.6829 12.434 13.0438 13.6859 13.8764 14.0557 14.1824 14.4294 14.5608 14.5175 14.6415 14.6766 13.9748 13.0056 12.2849 11.4358 10.6712 10.7245 11.1251 11.4217 11.4817 11.5442 11.4435 11.389 11.1432 10.7626 10.5648 10.5878 10.9426 11.3366 11.6458 11.8778 12.0885 12.0597 11.9468 11.6907 11.4012 11.1589 11.032 10.9373 10.7796 10.6944 10.7917 11.1918 11.5744 11.7738
9.63477 9.59194 9.92145 10.5208 11.0057 11.4769 12.1569 12.3375 12.2057 12.062 12.2357 12.6717 13.1228 13.4462 13.5446 13.4289 13.1832 12.9734 12.8801 12.444 11.9816 11.2873 11.3233 12.4377 13.3226 14.0471 14.3725 15 15 15 15 15 15 15 14.552 13.6969 12.9601 12.1322 11.0476 10.8255 11.1774 11.5305 11.6147 11.6094 11.6064 11.496 11.309 10.9085 10.6206 10.5414 10.7934 11.0813 11.3367 11.4902 11.6648 11.7552 11.7649 11.6908 11.5427 11.3148 11.1028 10.9786 10.8347 10.7856 10.9321 11.2904 11.5837 11.7
10.0004 9.89909 10.1914 10.7682 11.2398 11.6679 12.2935 12.469 12.3632 12.1122 12.1735 12.5396 12.9524 13.2997 13.5148 13.5011 13.3055 13.0175 12.79 12.3668 11.914 11.2666 11.0789 12.2198 13.3203 13.8478 14.4043 15 15 15 15 15 15 15 15 14.1192 13.4226 12.6719 11.671 11.1582 11.2859 11.6087 11.7481 11.6998 11.6625 11.5852 11.3579 10.9284 10.4221 10.2443 10.4368 10.6442 10.8733 11.0992 11.3497 11.576 11.724 11.7466 11.6663 11.5341 11.3293 11.2767 11.177 11.1165 11.2603 11.4669 11.6378 11.6846
10.595 10.4717 10.6409 11.0259 11.3675 11.6726 12.1145 12.1487 12.0075 11.7638 11.7755 12.0332 12.3496 12.6828 12.8921 12.9569 12.8627 12.5753 12.3699 12.0598 11.6828 11.128 10.7323 11.3432 12.1597 12.6374 13.2275 14.4123 15 15 15 15 15 15 15 14.83 13.6816 12.8032 12.1555 11.8245 11.9143 12.2963 12.4053 12.079 11.9256 11.9604 11.6165 11.4224 10.5132 10.2481 10.3545 10.3763 10.6132 10.9954 11.3907 11.6912 11.791 11.7797 11.7332 11.6712 11.6107 11.5429 11.4466 11.4215 11.5243 11.6875 11.7626 11.7166
11.0934 10.9922 11.0597 11.251 11.4148 11.5355 11.6649 11.5211 11.3577 11.1815 11.2227 11.4176 11.5858 11.7889 11.9111 12.0461 12.083 12.0186 11.9597 11.7426 11.4739 10.922 10.4867 10.5341 10.9003 11.2597 11.7669 12.466 13.4733 14.3298 15 15 15 15 15 15 13.806 12.7236 12.6563 12.9312 13.1097 13.8201 14.1996 13.1779 12.8148 12.8709 12.5134 12.5602 11.2258 10.8486 10.85 10.6895 10.7045 11.1563 11.6348 11.9244 11.979 11.9232 11.893 11.9787 12.0359 11.9708 11.7528 11.6752 11.7461 11.8377 11.8194 11.7101
11.3907 11.1997 11.229 11.365 11.4144 11.3972 11.2534 10.9732 10.6933 10.6236 10.7781 11.0134 11.1558 11.1713 11.086 11.1803 11.3788 11.6249 11.7591 11.6152 11.2924 10.7792 10.4012 10.3928 10.5493 10.7164 11.078 11.4706 12.1639 12.462 13.0246 13.8225 15 15 15 14.8644 13.407 12.6299 12.8161 13.4571 13.6885 14.1876 14.743 13.6196 13.2912 13.3316 12.8293 12.8269 11.4998 11.3205 11.3683 11.2786 11.2336 11.5749 11.9049 12.1021 12.152 12.1027 12.1641 12.389 12.5587 12.3471 12.0537 11.9023 11.9356 11.9456 11.8244 11.6129
11.4393 11.1951 11.2256 11.4499 11.4519 11.3664 11.1829 10.8391 10.4735 10.4308 10.6642 10.9654 11.0415 10.8935 10.6509 10.6326 10.9532 11.4307 11.6663 11.6144 11.2433 10.7446 10.5768 10.6308 10.8082 10.8549 11.0839 11.2149 11.7543 11.8548 11.9489 12.4502 13.3732 13.9693 14.2029 13.9963 13.5496 13.8841 13.9361 14.0942 13.8411 14.1971 14.7118 14.182 14.3196 14.2834 13.9896 13.4382 12.222 11.961 12.3289 12.0964 12.0509 12.2757 12.2489 12.2954 12.3802 12.2773 12.4793 12.696 12.8241 12.5995 12.292 12.1409 12.1221 12.061 11.8503 11.4768
11.3494 11.2455 11.4291 11.6745 11.759 11.6561 11.4623 11.2143 10.7055 10.6227 10.8006 11.0094 10.9807 10.7131 10.4421 10.4029 10.7927 11.215 11.4957 11.4772 11.1474 10.7357 10.7228 10.8173 10.9521 10.9317 11.1584 11.2799 11.5989 11.6004 11.7173 11.8946 12.171 12.686 12.6072 12.8274 13.7278 15 15 15 14.787 14.2434 14.5663 14.5924 15 15 15 14.5154 13.665 12.6208 12.4915 12.4299 12.5295 12.6183 12.5219 12.5209 12.5743 12.5856 12.8458 12.7678 12.8408 12.6179 12.3866 12.2855 12.242 12.1328 11.808 11.3732
11.4256 11.4378 11.5507 11.7109 11.7777 11.7615 11.6265 11.3506 10.9069 10.8412 10.9369 10.9795 10.8583 10.5496 10.3293 10.2542 10.5486 10.892 11.1214 11.1296 10.907 10.7047 10.8407 10.9011 10.9576 10.8268 10.945 11.0055 11.167 11.1462 11.0601 11.0547 11.2199 11.8096 11.8169 12.3394 13.6238 15 15 15 14.8263 13.6031 13.517 14.0146 14.8349 15 15 15 15 15 13.9684 13.3244 13.4069 13.4548 13.1594 13.0286 12.9363 12.795 13.04 12.7424 12.6463 12.3808 12.2416 12.2507 12.2624 12.1794 11.8575 11.4319
11.2792 11.5328 11.7553 11.845 11.8618 11.8369 11.6939 11.3743 11.0521 10.9761 10.9856 10.9125 10.7086 10.4135 10.2063 10.1568 10.2544 10.4803 10.6621 10.7232 10.6887 10.7095 10.8256 10.8328 10.7403 10.6209 10.6838 10.8375 10.9992 10.9001 10.7552 10.6452 10.7767 11.2629 11.3209 11.7554 12.9227 14.7967 15 14.9497 13.5717 12.0672 11.9272 12.6248 13.3577 13.6278 14.3555 14.4345 15 15 15 15 14.7873 14.7335 14.3185 14.1046 13.6109 13.4259 13.4438 13.1016 12.7081 12.3949 12.0824 12.0454 12.1301 12.1422 11.9712 11.5973
11.2849 11.667 11.8248 11.8218 11.7456 11.6286 11.4185 11.1649 11.0149 11.0305 11.0669 10.9613 10.7261 10.4487 10.2991 10.2076 10.1644 10.2669 10.4744 10.6785 10.8601 10.9688 10.9135 10.7576 10.5137 10.2847 10.269 10.4615 10.66 10.6214 10.4809 10.4001 10.4282 10.9186 10.8348 11.0706 11.7598 12.8656 13.0666 12.6686 11.5828 10.8142 11.0928 11.7189 12.4667 12.426 12.8117 13.0689 14.2813 15 15 15 15 15 15 15 14.8959 14.4774 13.6553 13.2916 12.7232 12.5101 12.0532 11.95 11.988 12.0573 11.9697 11.6749
11.4263 11.821 11.8695 11.7193 11.5275 11.3363 11.0341 10.8228 10.9452 11.088 11.1903 11.0946 10.8778 10.6509 10.5291 10.4105 10.3172 10.3659 10.6137 10.9471 11.2257 11.3199 11.1584 10.8372 10.4723 10.1406 10.0248 10.1608 10.3601 10.3787 10.2935 10.2488 10.2757 10.6465 10.564 10.6231 10.8332 11.3802 11.3553 11.0196 10.5262 10.4813 10.9779 11.4022 11.9809 11.769 11.7975 11.9301 12.5551 13.0624 13.4473 14.013 14.8704 15 15 15 15 15 14.7541 14.211 13.2469 12.9293 12.2939 12.091 12.0419 12.0127 11.9366 11.6188
11.6032 11.8842 11.7705 11.5093 11.2572 11.0505 10.7115 10.6266 10.9078 11.1423 11.2604 11.1779 11.0031 10.855 10.7971 10.7415 10.717 10.8196 11.1473 11.5264 11.7414 11.7106 11.4325 11.0433 10.6599 10.3216 10.1982 10.2041 10.2697 10.1885 10.1385 10.1269 10.1949 10.5329 10.5213 10.5441 10.5986 10.7754 10.8426 10.5853 10.4423 10.5604 11.1323 11.4601 11.9394 11.6692 11.3284 11.3252 11.6108 12.0311 12.4096 12.8049 13.5818 14.2107 15 15 15 15 15 14.8615 13.7672 13.1737 12.5859 12.1949 12.1495 12.0544 11.908 11.4742
11.5686 11.6597 11.4658 11.1714 10.9238 10.7371 10.4897 10.5455 10.9336 11.1517 11.2295 11.1251 11.0122 11.007 11.0969 11.2061 11.3565 11.6479 12.0267 12.2621 12.2763 12.0561 11.6897 11.298 10.963 10.7632 10.6351 10.5729 10.5254 10.3317 10.189 10.144 10.3108 10.4674 10.5706 10.7105 10.7802 10.8649 10.9711 10.8612 10.6795 10.6019 10.8694 11.0648 11.4124 11.247 11.0435 11.0847 11.3413 11.6563 11.9981 12.3365 12.8748 13.1965 13.6232 14.3125 15 15 15 14.6521 13.9806 13.4673 13.1245 12.5955 12.428 12.2447 11.9369 11.4667
11.322 11.3486 11.1769 10.9197 10.7036 10.5854 10.4635 10.6004 10.9207 11.1261 11.1924 11.1361 11.1408 11.2729 11.4927 11.7297 12.0572 12.4636 12.8226 12.8786 12.6607 12.2475 11.7938 11.44 11.2246 11.1444 11.0891 10.9988 10.8466 10.5746 10.4525 10.4483 10.6301 10.5994 10.5835 10.7443 10.9873 11.2329 11.4147 11.3759 11.1664 10.9344 10.9027 11.0051 11.2084 11.1523 11.0422 11.0288 11.2098 11.3394 11.545 11.7029 12.1837 12.2795 12.5434 12.9219 13.3149 13.7486 13.8607 13.7503 13.6831 13.523 13.4875 12.9714 12.7213 12.3138 11.937 11.5398
11.1799 11.1769 11.0809 10.9163 10.7898 10.7062 10.6721 10.8133 11.0947 11.2916 11.3559 11.3992 11.5124 11.7401 11.967 12.2157 12.5265 12.9153 13.1935 13.1869 12.8176 12.2679 11.7264 11.4316 11.3837 11.4474 11.5201 11.4956 11.4633 11.2492 11.2224 11.2648 11.3888 11.1913 11.0199 10.9955 11.2348 11.4528 11.6741 11.7884 11.6481 11.4579 11.3413 11.3871 11.4514 11.3108 11.1357 10.9949 11.0103 10.9852 11.0242 11.1232 11.4763 11.6938 11.9286 12.2042 12.1957 12.4913 12.4963 12.5741 12.927 13.2608 13.6705 13.4222 13.1446 12.7537 12.2351 11.9361
11.0902 11.2005 11.1776 11.087 11.0065 10.9669 10.9424 11.0829 11.3197 11.5184 11.6684 11.8236 12.0155 12.2194 12.3631 12.4678 12.6073 12.8513 13.0563 13.0743 12.7002 12.0953 11.5121 11.279 11.402 11.6135 11.8224 11.9389 12.0463 11.9204 11.9318 11.9899 12.0552 11.8222 11.5009 11.2712 11.3586 11.4974 11.741 11.935 11.9137 11.8136 11.6414 11.5867 11.4911 11.3175 11.1414 10.9661 10.8623 10.7828 10.8057 10.8874 10.9882 11.2382 11.3885 11.4852 11.3643 11.632 11.6261 11.9462 12.5215 13.0112 13.6105 13.9793 13.9599 13.6336 12.905 12.5947
11.1546 11.2745 11.2953 11.2601 11.2107 11.1832 11.1632 11.2808 11.4975 11.7279 11.9574 12.187 12.4002 12.5516 12.5785 12.5197 12.4638 12.479 12.5598 12.6256 12.3436 11.7523 11.2381 11.1083 11.3294 11.6269 12.006 12.3186 12.5911 12.4546 12.4598 12.4917 12.5485 12.2882 11.9202 11.5279 11.4672 11.5398 11.7491 12.005 12.0148 11.9189 11.6935 11.5156 11.3528 11.2073 11.1369 10.9609 10.9037 10.9201 10.9355 10.9592 10.9514 11.057 11.0663 11.028 10.9373 11.025 11.1647 11.536 12.0406 12.428 12.9425 13.7917 14.0999 14.0589 13.8446 13.4486
11.1431 11.3315 11.4136 11.4268 11.3607 11.3632 11.354 11.4354 11.6219 11.8509 12.1217 12.3852 12.598 12.6858 12.6387 12.4834 12.2798 12.0888 11.9375 11.852 11.6759 11.3258 11.1094 11.1156 11.3797 11.6295 11.8696 12.2033 12.4595 12.4924 12.5093 12.5771 12.6379 12.4802 12.1088 11.7357 11.5919 11.5753 11.7484 11.9709 11.9804 11.8523 11.5601 11.3276 11.122 11.0231 11.0668 11.0784 11.1683 11.2829 11.3979 11.4052 11.1556 11.0753 10.9422 10.8172 10.717 10.7387 10.8803 11.1456 11.4131 11.8229 12.1116 12.9862 13.6627 14.3466 14.616 14.4026
11.0763 11.2217 11.3717 11.4596 11.4376 11.4557 11.4874 11.55 11.6871 11.9143 12.2043 12.4748 12.6504 12.6934 12.589 12.4191 12.188 11.8631 11.5262 11.3131 11.1822 11.2146 11.4533 11.719 12.0448 12.4389 12.2981 12.4949 12.5646 12.4462 12.346 12.3915 12.4695 12.4053 12.0933 11.7529 11.5968 11.5841 11.7164 11.8852 11.8714 11.7017 11.3954 11.1306 10.9932 10.9454 11.0859 11.2947 11.5383 11.7476 11.8946 11.8287 11.4566 11.2432 11.0611 10.9144 10.8008 10.6759 10.7315 10.8152 10.8501 11.0893 11.3594 11.956 12.5283 13.5391 14.3898 14.4909
11.0065 11.1878 11.377 11.5298 11.6006 11.6707 11.7626 11.8139 11.9222 12.1131 12.3669 12.5755 12.666 12.625 12.4468 12.2587 12.0852 11.8655 11.6331 11.5462 11.679 12.3812 13.2549 13.9252 13.9949 14.8211 14.3183 14.0349 13.7099 13.2081 12.8617 12.6502 12.3357 12.3836 11.9441 11.6592 11.5487 11.5206 11.6046 11.7748 11.7562 11.5938 11.3485 11.1524 11.0741 11.1041 11.29 11.538 11.8404 12.0736 12.1773 12.0741 11.6687 11.4282 11.2558 11.1325 11.0063 10.8736 10.8201 10.7837 10.7623 10.8109 10.926 11.1907 11.5161 12.5221 13.57 13.8692
11.0402 11.2575 11.513 11.7475 11.9224 12.0551 12.2563 12.2966 12.3316 12.4479 12.6155 12.7287 12.6974 12.4883 12.1913 11.9749 11.966 12.035 11.88 11.7489 11.4831 12.0059 13.2357 14.0631 14.0806 14.6624 14.0433 13.8221 13.4963 13.3092 12.9033 12.5114 11.7847 11.8838 11.6581 11.4344 11.367 11.3621 11.4514 11.6731 11.7086 11.6274 11.5076 11.4116 11.4054 11.4784 11.6588 11.8516 12.0867 12.2531 12.2444 12.0574 11.7512 11.5166 11.4041 11.3567 11.3069 11.2391 11.2009 11.0829 10.9498 10.8431 10.932 10.8425 10.9006 11.4315 12.1483 12.5572
