wavelength.asc
ncols 85
nrows 95
xllcorner 727718.000000
yllcorner 4145455.000000
cellsize 10.000000
NODATA_value -9999
[rows 60 to 89 of 95, columns 0 to 67 of 85]
10.7842 10.6561 10.475 10.2639 10.1216 10.0622 10.0407 10.2623 10.3179 10.352 10.2537 10.292 10.6181 10.9557 11.0915 11.1472 11.1206 11.1361 11.3737 11.7729 12.166 12.4712 12.6979 12.8556 12.7595 12.416 11.9615 11.585 11.3326 11.0854 10.8877 10.7578 10.7724 10.931 11.2025 11.4429 11.7521 12.3026 13.2646 14.2184 14.9133 15 15 14.2594 13.6294 14.1438 15 15 15 14.3448 12.8162 11.5746 11.0961 10.732 11.3442 12.2915 13.3875 13.3818 12.8179 11.5903 11.1469 11.2077 11.5578 11.7981 11.823 11.7945 11.754 11.7911
11.2233 11.0093 10.7686 10.5689 10.4078 10.3006 10.2054 10.3256 10.3926 10.4532 10.3716 10.3914 10.5791 10.8564 10.9447 10.9375 10.8149 10.814 11.0911 11.5354 11.9973 12.4318 12.7658 12.927 12.7753 12.3425 11.8078 11.4333 11.1752 10.952 10.7685 10.6811 10.6507 10.7057 10.8658 11.1338 11.6604 12.645 14.0744 15 15 15 15 14.3622 13.6895 14.0955 14.9051 15 15 14.0238 12.6408 11.6521 11.2963 11.1026 11.5573 12.219 13.5658 14.1598 14.1883 12.6813 12.576 12.2486 12.531 12.5194 12.5987 12.2052 12.0228 11.8434
11.8012 11.5118 11.3833 11.2088 11.0372 10.8584 10.6393 10.5702 10.6155 10.6789 10.7081 10.785 10.9311 11.0504 11.0082 10.9274 10.7621 10.7737 11.0714 11.5063 11.9397 12.3437 12.6337 12.7713 12.6047 12.1377 11.6317 11.2563 11.0372 10.8569 10.7722 10.7502 10.7663 10.7887 10.9238 11.2065 11.91 13.117 14.8318 15 15 15 15 14.6681 13.8198 13.877 14.4022 14.6092 14.1808 13.2068 12.1775 11.5529 11.4506 11.4222 11.5772 11.9628 12.7907 13.8178 14.3174 13.4476 13.4165 13.2184 13.4352 13.0645 13.0019 12.4563 12.1563 11.9017
12.2301 11.974 11.9064 11.8035 11.6564 11.4791 11.1841 10.9776 10.9247 11.0223 11.2304 11.4406 11.5318 11.4947 11.338 11.1545 10.9918 10.9924 11.2794 11.6557 11.9718 12.2284 12.3444 12.3735 12.1875 11.7624 11.3404 11.0347 10.8492 10.7622 10.7799 10.8758 10.9764 11.034 11.1477 11.4521 12.1169 13.3963 15 15 15 15 15 14.8752 13.8827 13.6389 13.8244 13.7547 13.2523 12.4792 11.7635 11.4842 11.5616 11.6868 11.7163 11.778 11.9814 12.453 12.8438 12.9774 13.3268 13.7962 14.4492 13.7667 13.6321 12.8153 12.4161 12.0576
12.4739 12.2009 12.2213 12.1755 12.0559 11.89 11.6071 11.3204 11.2166 11.3972 11.7473 12.0286 12.0742 11.9455 11.6961 11.4673 11.2766 11.2732 11.5229 11.8492 12.0543 12.0901 11.9977 11.8643 11.644 11.3505 11.0594 10.8441 10.7 10.6665 10.7634 10.9712 11.1749 11.2916 11.4235 11.654 12.2597 13.2953 14.8986 15 15 15 15 14.8632 13.8872 13.4071 13.3021 13.093 12.6012 11.9845 11.4935 11.4529 11.6837 11.8924 11.88 11.7027 11.4751 11.3998 11.4435 11.8664 12.4437 13.4718 14.6477 14.3709 13.9376 12.9021 12.486 12.1438
12.2415 11.9856 12.0365 12.0448 12.0224 11.9188 11.7405 11.5296 11.4529 11.7017 12.0688 12.3449 12.3005 12.138 11.9064 11.712 11.533 11.4963 11.6969 11.9538 12.0899 11.9951 11.7298 11.4688 11.2906 11.1422 10.9985 10.8488 10.7225 10.6715 10.7743 11.0261 11.2726 11.4236 11.5235 11.6149 12.073 12.9578 14.3419 15 15 15 15 14.6451 13.6688 13.1208 12.8966 12.6142 12.1523 11.6001 11.2423 11.3318 11.7004 11.9734 12.0302 11.8932 11.6206 11.3334 11.1582 11.4525 12.0198 12.808 14.3985 14.9589 14.462 13.2402 12.7501 12.2514
11.7322 11.4354 11.5509 11.6262 11.7117 11.6801 11.6786 11.6182 11.6779 11.9312 12.1952 12.3358 12.1875 11.9833 11.8345 11.7388 11.6499 11.595 11.7034 11.864 11.9481 11.8278 11.5298 11.3138 11.2096 11.1497 11.1282 11.0284 10.918 10.8283 10.8694 11.0732 11.2376 11.2889 11.2639 11.2802 11.656 12.5594 13.8554 14.8877 15 15 14.9555 14.1878 13.3605 12.8152 12.5217 12.2734 11.8882 11.3809 11.046 11.1071 11.4696 11.8168 11.9799 11.9872 11.8652 11.6048 11.2894 11.2359 11.5859 12.1981 13.9084 15 15 14.9241 14.0336 12.9561
11.2831 10.9391 11.0821 11.1672 11.2812 11.2841 11.4375 11.6196 11.8904 12.1531 12.2751 12.2225 11.8759 11.6438 11.6079 11.725 11.7368 11.6757 11.6454 11.659 11.6373 11.5025 11.3253 11.2124 11.1859 11.2158 11.1801 11.1592 11.1075 11.0032 10.9881 11.1001 11.1146 11.0193 10.806 10.7694 11.2245 12.2802 13.5792 14.4544 14.927 14.864 14.3591 13.6273 12.9989 12.5058 12.2405 12.0378 11.7237 11.2877 10.9332 10.8559 11.1146 11.493 11.8135 11.9881 11.9972 11.8079 11.4482 11.2296 11.2732 11.6049 13.2558 15 15 15 15 14.4348
10.8149 10.4909 10.4003 10.4289 10.5233 10.6768 11.0307 11.5083 11.948 12.2705 12.2576 12.0319 11.5557 11.3633 11.4967 11.7639 11.8839 11.8657 11.7869 11.6223 11.5241 11.4067 11.3652 11.3489 11.289 11.2328 11.1921 11.2313 11.2376 11.1339 11.066 11.0759 11.002 10.7605 10.439 10.4927 11.0497 12.3515 13.5271 14.1555 14.4224 14.2095 13.672 13.116 12.7323 12.3859 12.167 12.0828 11.8247 11.4019 10.9766 10.7307 10.8102 11.1331 11.5373 11.8219 11.8602 11.6148 11.2381 10.8754 10.7804 11.5328 13.2653 15 15 15 15 15
11.3079 10.9648 10.8203 10.6415 10.5925 10.6508 11.0031 11.6408 11.9886 12.292 12.218 11.8986 11.413 11.3957 11.647 11.9506 12.0563 12.0598 11.9638 11.7304 11.5555 11.4545 11.5014 11.5545 11.4298 11.2402 11.1262 11.1575 11.2046 11.1337 11.0851 11.0695 10.9669 10.6715 10.308 10.4245 11.1823 12.507 13.4928 13.8926 13.8773 13.4679 12.9885 12.6281 12.4293 12.3189 12.288 12.2055 12.0035 11.5762 11.0729 10.7249 10.6787 10.8978 11.2411 11.4945 11.4754 11.1958 10.9103 10.6277 10.986 12.663 14.3326 15 15 15 15 15
12.614 12.5378 12.4326 12.2291 11.9563 11.9601 11.9808 12.0276 12.1104 11.9443 11.7759 11.5109 11.3587 11.5667 11.8385 12.025 12.085 12.0621 11.9613 11.7114 11.5148 11.4293 11.5129 11.5898 11.4363 11.1548 10.9744 10.9621 11.0656 11.0695 11.1404 11.1384 11.0298 10.6992 10.3919 10.6316 11.4796 12.6556 13.4723 13.6457 13.4434 12.848 12.3773 12.1415 12.2804 12.3384 12.3798 12.3421 12.0884 11.6286 11.0924 10.7223 10.6689 10.8202 11.0869 11.2555 11.3462 11.0625 10.9717 11.0923 12.139 14.4484 15 15 15 15 15 15
13.1045 14.0855 14.3992 14.1814 13.8131 13.5959 12.6744 12.3494 12.3583 12.0595 11.7188 11.4561 11.4747 11.7763 12.0548 12.1542 12.0777 11.9167 11.727 11.4333 11.2449 11.1367 11.1985 11.2612 11.1345 10.851 10.6548 10.6512 10.8591 11.0321 11.2627 11.3611 11.2492 10.9018 10.5505 10.7424 11.552 12.5457 13.2089 13.3117 13.0002 12.3113 11.8264 11.6857 11.9413 12.2046 12.3724 12.3311 12.0749 11.5733 11.01 10.6852 10.6705 10.8203 11.1484 11.243 11.3776 11.1413 11.236 11.4155 12.8813 15 15 15 15 15 15 15
14.678 15 15 15 15 14.9787 13.6876 13.0588 12.7477 12.3978 12.0548 11.5874 11.662 11.9702 12.2313 12.2836 12.0869 11.7372 11.3838 11.0056 10.7496 10.6105 10.629 10.6611 10.5993 10.4049 10.3276 10.3653 10.7215 11.1371 11.5387 11.7953 11.747 11.3523 10.8912 10.8721 11.4111 12.246 12.8291 12.8943 12.6382 11.9249 11.4609 11.4276 11.6359 12.0179 12.3225 12.3358 12.0857 11.6112 11.0584 10.716 10.6616 10.8222 11.079 11.2149 11.4894 11.7282 11.8291 12.3145 13.6557 15 15 15 15 15 15 15
15 15 15 15 15 15 14.4357 13.4512 13.023 12.7001 12.3372 11.6917 11.8563 12.0718 12.3361 12.3386 12.1575 11.738 11.2429 10.7041 10.3387 10.0972 10.1018 10.1858 10.2002 10.1077 10.088 10.1914 10.6141 11.2058 11.8439 12.2914 12.328 11.9719 11.3767 11.0681 11.2879 11.8707 12.3456 12.5072 12.4323 11.7887 11.3745 11.272 11.5324 11.9527 12.3432 12.4529 12.3034 11.9053 11.2855 10.9113 10.7389 11.0623 11.4033 11.7328 11.9833 12.3012 12.5524 13.1618 13.6042 14.3789 14.8252 15 15 15 15 15
13.6951 14.4871 15 15 15 15 14.1574 13.7177 13.6317 13.1769 13.1787 12.1634 12.0509 12.107 12.1877 12.1714 11.9641 11.5742 11.1088 10.5675 10.1247 9.97474 10.1066 10.3386 10.4526 10.4197 10.3632 10.3048 10.5784 11.1516 11.8714 12.4563 12.5962 12.3738 11.813 11.4691 11.4073 11.7657 12.0819 12.1852 12.0493 11.6414 11.3827 11.4107 11.6746 12.1072 12.5629 12.7302 12.6479 12.3088 11.6136 11.2301 11.0918 11.5688 11.8522 12.1972 12.1109 12.235 11.81 12.197 12.148 12.2181 12.4787 12.8449 13.1674 13.2486 13.6172 14.2834
12.2476 12.4701 12.7592 13.0757 13.4325 13.5928 13.8868 14.196 14.4057 13.508 13.6226 12.9636 12.8539 12.9114 12.8152 12.7415 12.5981 12.0842 11.8351 11.5157 11.1198 11.3009 11.5071 11.6553 11.9192 11.8537 11.7186 11.2827 11.1307 11.3932 11.9371 12.4321 12.5549 12.423 12.0515 11.7535 11.6196 11.7974 12.0019 12.1183 12.0357 11.7887 11.6839 11.7633 12.0249 12.4022 12.8407 12.9979 12.8725 12.5784 11.9374 11.4672 11.3519 11.8146 11.7638 11.9916 11.7235 11.4168 11.0094 11.0289 10.9077 11.0277 11.198 11.4779 11.8048 11.9243 12.4516 13.1925
11.481 11.4327 11.4792 11.7726 12.2224 12.6156 13.6336 14.409 14.7198 13.9638 13.4723 12.9688 12.8578 12.7974 12.8803 12.9249 12.9692 12.4596 12.3897 12.1439 11.941 12.2259 12.4602 12.5237 12.4851 12.3877 12.1078 11.4959 11.1968 11.4208 11.963 12.3169 12.4686 12.4487 12.2101 12.0441 11.8614 11.9164 12.0854 12.2132 12.1844 12.0678 12.0638 12.1729 12.3279 12.535 12.8569 12.9633 12.8637 12.5703 12.0819 11.4834 11.2275 11.4162 11.4711 11.6259 11.2338 10.8975 10.5637 10.3473 10.3177 10.4693 10.7009 10.8727 11.089 11.2207 11.6229 12.2348
11.3162 11.3431 11.3059 11.6139 12.0334 12.4441 13.2937 13.8691 14.0181 13.915 13.4752 13.3262 13.3502 13.5844 13.7221 13.7967 13.6964 13.2886 12.916 12.9004 12.8034 13.3436 13.4286 13.2828 12.913 12.6042 12.4429 12.1572 12.2178 12.2356 12.4884 12.4546 12.2965 12.2972 12.1206 12.051 12.0165 12.0077 12.2441 12.4725 12.4413 12.3442 12.4195 12.4353 12.4987 12.5225 12.6033 12.6023 12.4734 12.2492 11.8631 11.4045 11.1633 11.2417 11.2961 11.3987 11.113 10.7915 10.5472 10.3897 10.4205 10.6014 10.7465 10.8754 10.9894 10.9738 11.1488 11.4001
10.8602 10.9729 11.2014 11.6284 12.0418 12.3955 12.9875 13.3003 13.232 13.1707 13.2159 13.9571 14.7828 15 15 15 15 15 15 15 15 15 15 15 14.6669 13.8731 13.9711 14.0568 14.6699 14.8302 14.4208 13.4712 12.5937 12.2626 12.0077 11.8511 11.8317 11.8913 12.3079 12.6298 12.5913 12.3998 12.2826 12.2818 12.3103 12.2747 12.1924 12.1179 11.9876 11.8058 11.5584 11.3003 11.1819 11.2749 11.4657 11.5074 11.281 11.0401 10.8105 10.7169 10.7112 10.7612 10.8463 10.9022 10.9317 10.8993 10.8175 10.8169
10.4023 10.6366 11.0011 11.5787 12.0365 12.3427 12.74 12.8584 12.6364 12.4332 12.6284 13.4811 14.6494 15 15 15 15 15 15 15 15 15 15 15 15 14.26 14.7998 15 15 15 15 14.7391 13.0906 12.2027 11.7619 11.6199 11.6363 11.8016 12.356 12.6963 12.6189 12.3108 12.0448 11.9399 11.9916 11.9941 11.9007 11.7729 11.6342 11.5193 11.3401 11.2325 11.2434 11.4377 11.6445 11.6915 11.5095 11.307 11.1686 11.0847 11.0425 10.981 10.9391 10.8964 10.906 10.9413 10.9558 10.9749
10.3429 10.4632 10.8994 11.444 11.9089 12.1784 12.4615 12.4654 12.2107 12.0286 12.343 13.1305 13.9177 14.7105 15 15 15 15 15 15 15 15 15 15 14.094 13.4989 13.9308 15 15 15 15 14.7175 13.1013 11.9525 11.6068 11.3924 11.3977 11.6784 12.2523 12.669 12.6243 12.2274 11.8141 11.659 11.7652 11.8573 11.9185 11.7544 11.5945 11.4429 11.2343 11.1071 11.1683 11.4301 11.779 11.8557 11.7452 11.6273 11.5852 11.5423 11.4523 11.2823 11.0588 10.8733 10.8225 10.9697 11.1074 11.2342
10.6179 10.7822 11.1022 11.534 11.9048 12.1291 12.3265 12.2415 11.9349 11.6819 11.9252 12.4533 12.8055 13.1906 13.5555 13.6736 13.6658 13.6081 13.4676 13.6325 14.0486 14.3866 14.2574 13.5615 12.5877 12.2058 12.4342 13.3323 14.29 14.8296 14.8711 13.8585 12.5754 11.6683 11.4241 11.2814 11.3084 11.6207 12.1611 12.6284 12.6865 12.2919 11.8165 11.5756 11.6796 11.9352 12.0605 11.9906 11.7834 11.5389 11.2595 10.9911 11.1382 11.3941 11.7003 11.8194 11.8419 11.8937 11.9509 11.9462 11.8396 11.5821 11.2196 10.9011 10.8558 11.099 11.3381 11.617
11.1749 11.2641 11.4615 11.7126 11.9307 12.0628 12.1865 12.0884 11.8411 11.5983 11.7185 12.0521 12.2609 12.6144 12.7873 12.4581 12.5119 12.1521 12.1909 12.4158 12.7475 12.9025 13.1034 12.5222 11.7979 11.6543 11.6849 12.2236 12.8438 13.2307 13.3518 12.9132 12.0227 11.4675 11.2765 11.2236 11.3233 11.6398 12.1781 12.6945 12.8846 12.6019 12.1461 11.8582 11.8909 12.1251 12.2461 12.1746 11.9403 11.6273 11.259 11.0101 11.0744 11.3084 11.6026 11.794 11.9429 12.0834 12.2172 12.2626 12.168 11.8876 11.4599 11.0941 11.0646 11.3529 11.628 11.9134
11.536 11.6013 11.6996 11.8458 11.9643 12.0222 12.0622 11.8903 11.6819 11.4472 11.6045 11.8761 12.013 12.4279 12.8291 12.4032 12.3969 12.0174 12.0592 12.4456 12.6566 12.8242 13.0092 12.433 11.8337 11.8397 11.744 12.0471 12.344 12.511 12.5055 12.2965 11.6665 11.3671 11.2313 11.247 11.4113 11.7789 12.2973 12.7935 13.0304 12.9223 12.589 12.2616 12.1367 12.1835 12.2224 12.1063 11.8015 11.453 11.1987 11.0814 11.1437 11.3304 11.6329 11.917 12.1334 12.3188 12.4586 12.5218 12.4466 12.1626 11.7228 11.3738 11.3939 11.7474 11.959 12.1413
11.7183 11.8593 11.9067 11.9691 12.0196 12.0253 12.0178 11.7697 11.5335 11.3883 11.4498 11.62 11.697 11.8775 12.1442 11.8005 11.8036 11.6287 11.7629 12.184 12.3897 12.4632 12.5221 11.9951 11.6446 11.7562 11.8859 12.1476 12.2862 12.3464 12.2555 12.0315 11.5524 11.4105 11.3493 11.4165 11.6126 12.0136 12.4344 12.7889 12.9537 12.8834 12.665 12.432 12.2396 12.1783 12.0605 11.9195 11.6448 11.3486 11.1663 11.1431 11.266 11.5024 11.9069 12.3375 12.6393 12.7597 12.7885 12.7611 12.6275 12.3342 11.9382 11.6656 11.7459 12.0163 12.1257 12.1359
11.8532 12.0312 12.0548 12.0888 12.1284 12.1017 12.0288 11.798 11.5786 11.5401 11.6287 11.6914 11.6242 11.4755 11.4088 11.2704 11.28 11.3573 11.5769 11.8741 12.0514 12.0934 12.02 11.8549 11.8704 11.9901 12.2244 12.4167 12.4185 12.3471 12.1494 11.8613 11.5961 11.5378 11.5793 11.681 11.8646 12.1763 12.4863 12.5839 12.4976 12.3743 12.271 12.1788 12.0496 11.9744 11.9553 11.866 11.6482 11.3599 11.1837 11.2191 11.4029 11.7221 12.2212 12.7665 13.1622 13.2253 13.0876 12.8776 12.6287 12.3282 12.0573 11.9069 11.987 12.1195 12.0956 11.9079
11.7915 12.0061 11.9807 12.0301 12.1412 12.1427 12.0782 11.9036 11.709 11.7489 11.9209 12.0062 11.8327 11.4737 11.1957 11.0821 11.1904 11.3886 11.7375 11.9608 12.1705 12.2865 12.1585 12.156 12.36 12.5215 12.7729 12.8626 12.7502 12.5719 12.3077 11.9866 11.7924 11.7327 11.7714 11.8808 12.03 12.2668 12.381 12.2816 12.0243 11.8045 11.7856 11.8499 11.8746 11.9322 11.9651 11.9671 11.8006 11.4872 11.287 11.3259 11.5602 11.9376 12.4883 13.1087 13.4593 13.471 13.1564 12.757 12.4307 12.2271 12.1719 12.1721 12.2042 12.1398 11.8974 11.5595
11.6534 11.782 11.6432 11.7163 11.9169 11.9815 11.9944 11.9131 11.7928 11.9424 12.2327 12.3326 12.052 11.5839 11.2079 11.0413 11.1516 11.3735 11.672 11.9844 12.226 12.3678 12.4505 12.4662 12.6263 12.8586 13.0443 13.0959 12.9565 12.743 12.4601 12.1386 11.9432 11.8488 11.8763 11.9576 12.0858 12.237 12.2612 12.0454 11.705 11.4751 11.4777 11.6326 11.7742 11.9352 12.1048 12.1616 12.008 11.6833 11.4474 11.4778 11.7541 12.147 12.6649 13.2202 13.4177 13.2888 12.8418 12.3904 12.1321 12.1546 12.3077 12.409 12.4374 12.1751 11.6469 11.1933
11.4872 11.3015 11.1833 11.1629 11.3342 11.4257 11.5649 11.6691 11.7102 12.0554 12.4706 12.5694 12.2483 11.7998 11.444 11.3183 11.3856 11.4951 11.7077 11.9894 12.2922 12.5982 12.7087 12.7868 12.8772 12.9821 13.1048 13.1697 13.0866 12.9006 12.6025 12.2625 12.0175 11.9252 11.9556 11.996 12.0586 12.129 12.1309 11.9075 11.5921 11.4012 11.442 11.6402 11.84 12.073 12.3056 12.4387 12.2774 11.9748 11.7235 11.7498 12.0163 12.3832 12.8239 13.1728 13.1504 12.8476 12.2817 11.9152 11.8574 12.105 12.4 12.5183 12.4363 12.0638 11.5241 11.0393
11.7861 11.3377 11.1225 11.0482 11.1048 11.0829 11.0949 11.2657 11.5272 12.0382 12.5301 12.5891 12.3537 12.0569 11.9198 11.9253 11.946 11.8907 11.921 12.0794 12.3746 12.7211 12.939 13.0269 13.0266 12.9935 13.0498 13.1626 13.2154 13.0927 12.761 12.3749 12.0704 11.9867 12.0362 12.0345 12.0294 12.0405 12.0262 11.8849 11.6876 11.6164 11.6705 11.9039 12.0728 12.3132 12.5852 12.7024 12.6042 12.3564 12.1593 12.1931 12.4264 12.6749 12.8853 12.9702 12.7891 12.3342 11.8379 11.619 11.7365 12.0825 12.3522 12.4175 12.2755 11.9248 11.5895 11.2854
