wavelength.asc
ncols 85
nrows 95
xllcorner 727718.000000
yllcorner 4145455.000000
cellsize 10.000000
NODATA_value -9999
[rows 30 to 59 of 95, columns 0 to 67 of 85]
11.1865 11.53 11.8413 12.157 12.4222 12.6083 12.89 12.8738 12.8014 12.7819 12.8361 12.8351 12.6204 12.1883 11.7551 11.5752 11.8347 12.1474 12.4368 12.4154 12.2936 12.8942 13.9693 14.6473 14.8661 14.6744 14.2874 14.0372 13.717 13.5617 12.9062 12.3379 11.3845 11.2811 11.2267 11.2623 11.3007 11.3479 11.3906 11.5966 11.7431 11.7108 11.7276 11.7274 11.8197 11.9844 12.1353 12.2826 12.388 12.3694 12.2832 12.0736 11.7962 11.5427 11.4891 11.5546 11.665 11.732 11.718 11.5941 11.3846 11.1516 11.1091 10.9591 10.8328 10.8712 11.1061 11.1439
11.4823 11.8982 12.2282 12.5825 12.8773 13.1077 13.3455 13.2884 13.1147 12.9974 12.9267 12.7948 12.3989 11.7398 11.3584 11.2425 11.5994 12.1545 12.5821 13.1512 13.9442 14.9024 15 15 15 15 14.8183 14.2615 13.6309 13.6817 13.1465 12.9398 12.0882 11.8727 11.7163 11.8851 11.7053 11.6613 11.5888 11.6082 11.6772 11.6728 11.7284 11.8352 12.0689 12.3435 12.5273 12.6697 12.6558 12.5565 12.4715 12.2994 11.9837 11.7216 11.6991 11.8875 12.1438 12.3253 12.3716 12.2381 11.9465 11.5791 11.3415 11.0202 10.7688 10.4927 10.4392 10.47
11.7435 12.1943 12.4718 12.775 13.0771 13.3056 13.5177 13.4366 13.2741 13.0374 12.8436 12.5318 12.0816 11.4846 11.3176 11.2068 11.445 12.0623 13.2523 14.2875 15 15 15 15 15 15 14.5037 13.8034 13.2423 13.2978 12.9903 12.9381 12.4078 12.3569 12.0817 12.3903 12.3475 12.2076 11.9973 11.7491 11.6111 11.5383 11.601 11.7833 12.0979 12.4235 12.6746 12.7725 12.7786 12.7207 12.7432 12.7116 12.5154 12.2224 12.2026 12.4035 12.6857 12.8949 12.9325 12.8135 12.5422 12.1115 11.7154 11.2156 10.8142 10.447 10.2769 10.2536
11.7516 12.1613 12.3638 12.5924 12.8599 13.1191 13.1975 13.1601 13.0259 12.6884 12.4012 12.0796 11.7569 11.3625 11.4641 11.5487 11.6179 12.9316 14.356 15 15 15 15 15 14.9741 13.8502 12.9248 12.3322 12.0162 12.1645 12.1661 12.1125 12.0872 12.2683 12.1948 12.5885 12.7684 12.7826 12.6705 12.1248 11.7473 11.4829 11.527 11.7174 11.9836 12.3102 12.5499 12.6588 12.6764 12.7701 13.0007 13.1875 13.194 12.9479 12.8362 12.9457 13.1401 13.2749 13.3112 13.2576 13.0738 12.6505 12.135 11.5681 11.1195 10.7554 10.5644 10.4938
11.6579 11.9063 12.0991 12.2837 12.5348 12.8028 12.7261 12.6965 12.4702 12.191 12.0198 11.9308 11.9275 11.9637 12.4662 12.8301 12.9273 13.9361 15 15 15 15 14.895 14.2967 13.4084 12.564 11.9142 11.5171 11.5051 11.6742 11.8607 11.8598 12.0254 12.1557 12.2555 12.3728 12.4548 12.387 12.6611 12.4607 12.0014 11.6016 11.5809 11.6909 11.8603 12.0917 12.3008 12.4381 12.6033 12.8157 13.2201 13.5839 13.6902 13.461 13.2685 13.2213 13.2956 13.3767 13.4492 13.4874 13.3959 13.0182 12.4644 11.9407 11.6023 11.359 11.1672 11.0593
11.3838 11.5676 11.7115 11.8546 11.9893 12.234 12.1123 12.0189 11.8339 11.9754 12.0701 12.3382 12.6383 13.3009 14.1461 14.7461 14.9071 14.9298 14.8157 14.3815 14.0147 13.7011 13.3763 13.2141 12.5804 12.2647 11.7525 11.6381 11.8107 11.8152 11.9112 11.776 11.7435 11.7191 11.7832 11.8122 11.8597 11.9077 12.2829 12.4613 12.1444 11.8479 11.7755 11.8695 11.9752 12.1004 12.2046 12.3603 12.6128 12.9794 13.4667 13.8983 13.9347 13.6444 13.3386 13.1896 13.1887 13.2841 13.4176 13.5413 13.4785 13.1047 12.5984 12.2133 12.0572 11.9736 11.851 11.6602
11.2846 11.4322 11.6685 11.8026 11.7513 11.7557 11.6915 11.7542 11.7734 12.8504 13.5238 13.5794 13.6669 14.4137 15 15 15 14.8595 14.1551 13.6278 12.8555 12.5519 12.4993 12.6205 12.1826 12.0928 11.851 11.8177 11.9544 11.933 11.9267 11.7085 11.5768 11.5061 11.4762 11.4047 11.3385 11.3581 11.6607 11.8345 11.8545 11.9318 12.1661 12.4551 12.655 12.6362 12.4258 12.4324 12.6549 13.1208 13.6639 13.9905 13.9914 13.6372 13.2705 13.0331 13.0326 13.1588 13.3304 13.4567 13.3795 13.0456 12.6509 12.3964 12.3583 12.3933 12.3421 12.1216
11.3353 11.753 12.056 12.2874 12.0748 11.9609 11.9104 12.0616 12.2002 13.7224 14.2563 13.8869 13.8923 14.6252 15 15 15 14.5357 13.779 13.1581 12.167 11.8573 11.9615 12.1421 11.9517 11.9171 11.9226 11.9262 12.0051 11.9286 11.8192 11.5901 11.4417 11.3757 11.342 11.2697 11.1139 11.0661 11.2042 11.3907 11.6174 12.0568 12.809 13.6109 13.9781 13.7848 13.1661 12.8156 12.799 13.1917 13.6337 13.8993 13.8557 13.5756 13.2797 13.1116 13.0585 13.165 13.31 13.3882 13.344 13.1175 12.8339 12.6314 12.608 12.6251 12.535 12.2278
12.1353 12.928 12.9426 13.0361 12.8606 12.7212 12.4418 12.365 12.3058 13.483 13.5357 13.0985 13.5327 14.6984 15 15 15 14.2177 13.6811 13.0395 11.9412 11.411 11.4876 11.5946 11.938 11.9471 12.0357 12.0646 11.9962 11.8631 11.6359 11.4925 11.441 11.5187 11.5624 11.5462 11.363 11.1999 11.061 11.1843 11.4664 12.2126 13.3785 14.5286 15 14.8291 14.0626 13.3762 13.0285 13.1282 13.386 13.5327 13.5966 13.5688 13.5184 13.451 13.4245 13.42 13.4826 13.5257 13.5618 13.4658 13.2404 12.9827 12.8316 12.7626 12.6023 12.2794
13.14 14.0445 13.7772 13.767 13.5628 13.4704 13.1787 12.7789 12.4501 13.0318 13.0894 12.8898 13.903 15 15 15 15 13.8014 13.6028 13.2172 12.19 11.4539 11.4436 11.4861 11.885 11.9006 11.9949 11.8796 11.8445 11.7082 11.5832 11.5789 11.7172 11.9859 12.1061 12.1177 11.8832 11.5715 11.3011 11.2482 11.5146 12.3171 13.5267 14.6862 15 15 14.5698 13.8305 13.3373 13.103 13.0676 13.1329 13.3276 13.5856 13.776 13.8566 13.8828 13.8523 13.8567 13.9345 14.0454 14.0347 13.778 13.3812 13.0603 12.8921 12.7494 12.4975
12.5418 13.3536 13.8248 14.3998 14.7353 15 15 14.583 13.6297 13.3897 13.6101 13.4874 15 15 15 15 15 13.6735 13.4803 13.3432 12.5655 11.7448 11.8643 11.5705 11.9172 11.7567 11.7415 11.6711 11.6873 11.6175 11.6446 11.8276 12.1714 12.5767 12.7431 12.7193 12.4208 11.997 11.6495 11.4606 11.6933 12.2214 13.0731 13.9028 14.4599 14.6081 14.3586 13.9945 13.6078 13.2253 12.9229 12.9148 13.219 13.6327 13.9713 14.1485 14.2309 14.276 14.3539 14.4975 14.6324 14.587 14.2007 13.6564 13.2388 13.0983 13.0765 12.9756
12.7794 13.9127 15 15 15 15 15 15 15 14.5819 14.3523 13.7954 14.7113 15 15 15 14.8191 13.8607 13.9535 13.9011 13.117 12.2065 12.3523 11.7774 11.6001 11.3587 11.3217 11.4241 11.5292 11.6191 11.7336 12.0155 12.4795 12.9101 13.1184 13.0481 12.7161 12.2007 11.8675 11.7401 11.8177 12.0156 12.381 12.811 13.2173 13.5563 13.7813 13.9049 13.7996 13.4515 13.0424 12.9816 13.3031 13.8024 14.1795 14.3667 14.5069 14.595 14.7577 14.938 15 14.8594 14.3147 13.681 13.3463 13.3747 13.4878 13.4876
13.6703 14.6715 15 15 15 15 15 15 15 14.3728 13.826 13.423 13.6648 14.3837 15 15 14.9302 14.663 14.5664 14.1014 13.2286 12.47 12.484 12.1503 11.8046 11.5433 11.4365 11.9923 11.8913 11.9849 12.0425 12.1799 12.5578 12.9649 13.1658 13.0902 12.7422 12.1651 11.9139 11.8706 11.946 12.0159 12.0797 12.1996 12.4099 12.762 13.282 13.75 13.8637 13.5787 13.1942 13.1474 13.5109 14.0369 14.398 14.556 14.6613 14.7701 14.9176 15 15 14.7489 14.1369 13.5736 13.3529 13.5223 13.7158 13.7156
13.776 14.1735 14.8631 14.9924 15 15 15 14.8203 14.2209 13.6786 13.1365 12.896 12.7439 12.9407 13.2835 13.7009 13.9082 14.6444 15 14.9676 14.1257 13.4572 12.618 12.1128 11.8225 11.6641 11.7286 12.5941 12.5321 12.4689 12.2311 12.1409 12.4505 12.8771 13.043 12.9269 12.469 12.0606 11.9864 12.1316 12.1907 12.2212 12.1824 12.1382 12.1802 12.4839 13.0229 13.5795 13.7583 13.4875 13.142 13.1352 13.5266 14.0479 14.4067 14.5484 14.599 14.6844 14.7439 14.7553 14.6539 14.3238 13.796 13.3517 13.2151 13.3763 13.5302 13.4525
13.122 12.8906 12.6082 12.5572 12.6934 12.7363 12.9017 13.2522 13.28 13.3527 12.8284 12.741 12.4599 12.5155 12.7429 13.1255 13.3304 13.8437 14.1183 14.19 13.8704 13.6118 12.847 12.5499 12.0672 12.0073 12.2236 13.1601 12.9131 12.7797 12.4077 12.3586 12.6625 12.9954 13.0744 12.828 12.3485 12.052 12.0973 12.34 12.3585 12.4177 12.3659 12.2894 12.2605 12.4497 12.8674 13.32 13.4415 13.1811 12.8612 12.852 13.2153 13.6669 13.9471 14.0757 14.1545 14.2243 14.2138 14.1293 13.9653 13.6871 13.2999 12.9986 12.8762 12.9428 12.9511 12.7985
12.3516 11.9117 11.4449 11.3403 11.5792 11.6128 11.8548 12.2129 12.4783 12.7044 12.2399 12.3103 12.051 12.1926 12.3696 12.5501 12.6529 12.6328 12.6946 12.7518 13.0526 13.4676 12.719 12.7983 12.1754 12.1683 12.5333 13.0815 12.9165 12.7067 12.4553 12.5294 12.8406 13.1229 13.1188 12.7465 12.1872 11.9996 12.0626 12.41 12.4708 12.5571 12.5031 12.4287 12.3685 12.4379 12.6565 12.9531 13.0434 12.8399 12.5714 12.4896 12.6823 12.9597 13.1208 13.1791 13.262 13.3704 13.4103 13.3094 13.1089 12.892 12.6422 12.4666 12.3793 12.3942 12.2613 12.1313
11.6376 11.201 10.8418 10.7268 10.8863 10.9619 11.0324 11.1587 11.384 11.5387 11.3398 11.5247 11.5371 11.7178 11.9365 12.0522 11.9941 11.782 11.655 11.6086 11.9499 12.4799 12.3319 12.593 12.1278 12.0966 12.4094 12.7873 12.7576 12.5779 12.4816 12.6421 12.9565 13.1573 13.0471 12.6231 12.0779 11.9099 12.0395 12.3657 12.5551 12.634 12.5976 12.4883 12.3778 12.3249 12.3896 12.6177 12.7693 12.6969 12.4829 12.2656 12.2141 12.2504 12.1934 12.1467 12.1552 12.3506 12.5389 12.587 12.4845 12.3213 12.0889 11.9879 11.9223 11.9187 11.8483 11.817
10.875 10.6792 10.5855 10.5863 10.6954 10.6922 10.6843 10.6563 10.7555 10.8756 10.996 11.1832 11.2966 11.4674 11.6835 11.797 11.7297 11.3867 11.0739 11.0241 11.2399 11.5003 11.4519 11.5476 11.4958 11.6632 12.2316 12.5178 12.7076 12.6532 12.6112 12.7531 12.9554 13.0539 12.8836 12.4295 11.9425 11.843 12.017 12.3616 12.5982 12.6363 12.5944 12.483 12.3419 12.2213 12.1814 12.3781 12.6355 12.6913 12.5332 12.2282 11.9683 11.8112 11.6615 11.5658 11.544 11.7676 12.0735 12.2842 12.3205 12.1632 11.918 11.7486 11.653 11.73 11.7551 11.7837
10.3413 10.5023 10.6922 10.8189 10.9553 10.959 10.8833 10.8322 10.8595 10.9934 11.2859 11.4025 11.5347 11.631 11.7244 11.7544 11.7085 11.4403 11.2421 11.2442 11.394 11.4022 11.2085 11.0211 10.8817 11.0811 11.7486 12.242 12.7391 12.8844 12.8189 12.8489 12.9239 12.9018 12.672 12.2295 11.7894 11.7734 12.0161 12.3603 12.5611 12.5641 12.4974 12.4184 12.2892 12.0935 11.9883 12.1551 12.4583 12.6414 12.5552 12.3046 11.973 11.7116 11.5506 11.5373 11.5809 11.7981 12.1059 12.3871 12.4768 12.3309 11.9771 11.7133 11.6044 11.723 11.8255 11.9078
10.8938 10.9925 11.2559 11.3911 11.5371 11.498 11.3005 11.2147 11.2184 11.366 11.6378 11.7203 11.7866 11.7893 11.7959 11.8124 11.8009 11.6754 11.6599 11.7256 11.8182 11.6797 11.401 11.0822 10.8714 10.9444 11.3592 12.1369 12.6759 13.0782 12.9985 12.9447 12.9094 12.8231 12.6698 12.359 12.0906 12.0822 12.2538 12.4303 12.5164 12.4473 12.3496 12.239 12.0784 11.883 11.7668 11.863 12.1631 12.4407 12.5185 12.3853 12.1036 11.8028 11.6816 11.7205 11.8417 12.0625 12.3021 12.5297 12.6339 12.501 12.1543 11.8524 11.758 11.8936 12.0313 12.0973
11.2059 11.187 11.4353 11.5619 11.7215 11.6901 11.6148 11.6048 11.6509 11.7496 11.9143 11.9135 11.8573 11.8027 11.7821 11.8114 11.8587 11.8338 11.8793 12.038 12.1366 12.0271 11.7792 11.4614 11.2578 11.2258 11.4751 12.0395 12.5987 12.9604 13.0396 13.0893 13.1265 13.1981 13.169 13.0125 12.7502 12.6519 12.6164 12.5694 12.4987 12.3373 12.1779 12.0208 11.8344 11.6433 11.5396 11.6175 11.8734 12.2101 12.4228 12.4079 12.1862 11.9026 11.7999 11.8145 11.9893 12.1776 12.3737 12.5495 12.6593 12.5776 12.3139 12.058 11.9972 12.1534 12.3168 12.3662
11.6785 11.5135 11.6883 11.7968 11.9158 11.882 11.8357 11.8705 11.9489 12.0086 12.0541 11.9443 11.81 11.7168 11.6786 11.7443 11.7694 11.751 11.7827 11.9375 12.1226 12.1742 12.0637 11.8347 11.5975 11.4623 11.4839 11.7231 12.004 12.3197 12.589 12.915 13.3752 13.8333 14.057 13.9011 13.66 13.2434 13.0491 12.6886 12.459 12.249 12.0558 11.863 11.6877 11.5794 11.5669 11.6116 11.7769 12.068 12.2986 12.3181 12.1192 11.8057 11.6369 11.6516 11.8423 12.041 12.2253 12.3903 12.535 12.5093 12.3454 12.1826 12.1331 12.3245 12.5353 12.627
12.2669 11.9638 12.0997 12.1608 12.0797 12.0265 12.0132 12.0059 11.9961 11.9354 11.916 11.7419 11.57 11.5086 11.5324 11.6662 11.7075 11.6645 11.6107 11.6965 11.9382 12.1322 12.1545 12.0254 11.7949 11.5846 11.5186 11.5327 11.6649 11.8774 12.2484 12.865 13.6494 14.3577 14.7628 14.6764 14.3626 13.7163 13.2451 12.7559 12.4511 12.2094 12.0552 11.9093 11.7785 11.795 11.8629 11.8933 11.9618 12.0999 12.2135 12.076 11.7727 11.3738 11.1604 11.1981 11.4002 11.6478 11.8618 12.0442 12.2129 12.2415 12.1515 12.0276 12.0413 12.2734 12.5198 12.6486
12.6923 12.3542 12.4703 12.4839 12.2203 12.1701 12.076 12.0155 11.8716 11.779 11.7327 11.4904 11.1911 11.1698 11.2941 11.5386 11.6428 11.614 11.4971 11.5083 11.7347 11.9807 12.1097 12.0733 11.9119 11.7036 11.5842 11.5087 11.5609 11.75 12.2131 12.9904 13.8585 14.5134 14.8492 14.7397 14.3987 13.8568 13.4175 12.882 12.5526 12.311 12.1869 12.1051 12.0761 12.1606 12.2397 12.2216 12.1928 12.1406 12.0566 11.7492 11.2921 10.7738 10.5424 10.611 10.8523 11.1591 11.4035 11.5675 11.7554 11.7871 11.7385 11.677 11.7372 12.0298 12.3195 12.48
12.8101 12.5435 12.5573 12.5137 12.2929 12.2451 12.063 11.7933 11.572 11.4843 11.3512 11.1217 10.8487 10.8988 11.1221 11.5635 11.7349 11.7935 11.6912 11.6414 11.7693 11.948 12.0602 12.1185 12.0759 11.9266 11.816 11.6155 11.5976 11.7767 12.299 13.078 13.8417 14.3441 14.4663 14.24 13.8911 13.7169 13.6187 13.2778 12.9358 12.6311 12.524 12.4492 12.4652 12.5518 12.6502 12.5601 12.3798 12.1625 11.9186 11.4861 10.9676 10.2713 9.91798 10.0651 10.3817 10.7077 10.9527 11.1019 11.2227 11.25 11.2098 11.2175 11.392 11.7559 12.0674 12.2267
12.8233 12.8232 12.6535 12.7574 12.665 12.6247 12.3492 11.8364 11.5421 11.3846 11.2875 11.2279 10.7651 10.682 11.0642 11.5554 11.9616 12.102 12.0243 11.9096 11.9318 11.984 12.1045 12.2551 12.3791 12.2901 12.1117 11.7838 11.6843 11.8364 12.3157 12.9844 13.5982 13.9569 13.9713 13.7023 13.3644 13.4432 13.6709 13.6695 13.4829 13.2748 13.1606 13.0755 13.0314 13.1118 13.1648 12.9836 12.6206 12.2303 11.8477 11.3966 10.7532 10.0587 9.65585 9.76509 10.1093 10.4452 10.662 10.7988 10.8875 10.8712 10.8192 10.8856 11.1246 11.5014 11.7865 11.945
12.0875 12.2539 12.1416 12.2736 12.4778 12.5099 12.2788 11.9963 11.592 11.1757 11.2839 11.3155 10.8702 10.8146 11.268 11.8384 12.2077 12.4255 12.3649 12.3231 12.247 12.1361 12.196 12.4734 12.7397 12.7228 12.4004 11.8943 11.6999 11.7689 12.1333 12.6419 13.141 13.4661 13.5273 13.3161 13.0816 13.1695 13.4857 13.7483 13.885 14.0494 14.0643 13.9929 13.8379 13.8469 13.9343 13.6836 13.0465 12.3759 11.8091 11.258 10.7129 10.0245 9.85876 10.0629 10.3988 10.5287 10.5946 10.607 10.6416 10.6924 10.6005 10.7018 10.8738 11.1595 11.4095 11.647
11.4322 11.5907 11.4792 11.5121 11.739 11.7862 11.6912 11.5531 11.3306 10.9319 10.6787 10.8163 10.9752 11.1778 11.7234 12.441 12.7502 12.7806 12.6742 12.6546 12.5485 12.3789 12.3109 12.6137 12.9564 12.9293 12.5112 11.9653 11.6609 11.6184 11.8101 12.1448 12.5331 12.8836 13.0673 13.0096 12.877 12.8552 13.1448 13.6414 14.1048 14.5666 14.8648 14.7285 14.4508 14.4541 14.5759 14.4093 13.6637 12.7162 11.8228 11.0838 10.5301 10.0586 10.3608 10.7338 11.0087 10.8773 10.6966 10.476 10.4219 10.524 10.5007 10.6304 10.7258 10.9186 11.1257 11.453
10.8916 10.9462 10.8094 10.7638 10.813 10.8434 10.8808 10.8893 10.8444 10.6671 10.5178 10.6633 11.0095 11.3197 11.7307 12.2001 12.5152 12.5236 12.5257 12.6151 12.6446 12.4916 12.4015 12.6443 12.9231 12.866 12.4024 11.8823 11.5807 11.4307 11.4467 11.5652 11.8338 12.1894 12.4987 12.6122 12.5489 12.5133 12.8627 13.4887 14.1868 14.8266 15 14.923 14.4467 14.4724 14.9483 15 14.3957 13.251 12.0141 11.0122 10.3475 10.0927 10.8692 11.5015 11.5747 11.3218 10.8071 10.4602 10.4039 10.6063 10.5934 10.7508 10.8595 10.9685 11.132 11.4743
10.6802 10.6275 10.5336 10.3632 10.2916 10.2677 10.2923 10.5525 10.5707 10.5372 10.4313 10.4373 10.9025 11.1695 11.4239 11.6286 11.8934 11.981 11.9941 12.2337 12.4249 12.4828 12.5321 12.7017 12.7789 12.5994 12.1675 11.7558 11.4511 11.251 11.1184 11.0614 11.1826 11.4676 11.8346 12.0265 12.1022 12.2897 12.831 13.5984 14.3287 14.8751 15 14.6739 14.1003 14.353 15 15 15 13.9286 12.4475 11.2156 10.6067 10.3453 11.1429 11.9064 12.2184 12.0463 11.5237 10.7777 10.5603 10.8012 10.9808 11.2334 11.2669 11.3518 11.438 11.6585
